00001,0001,2025-11-27,ArcoIzquierd,0115,0990,00002,00000
00002,0001,2025-11-27,ArcoIzquierd,0110,0990,00003,00001
00003,0001,2025-11-27,ArcoIzquierd,0105,0990,00004,00002
00004,0001,2025-11-27,ArcoIzquierd,0100,0990,00005,00003
00005,0001,2025-11-27,ArcoIzquierd,0095,0990,00006,00004
00006,0001,2025-11-27,ArcoIzquierd,0090,0990,00007,00005
00007,0001,2025-11-27,ArcoIzquierd,0085,0990,00008,00006
00008,0001,2025-11-27,ArcoIzquierd,0080,0990,00009,00007
00009,0001,2025-11-27,ArcoIzquierd,0075,0990,00010,00008
00010,0001,2025-11-27,ArcoIzquierd,0070,0990,00011,00009
00011,0001,2025-11-27,ArcoIzquierd,0070,0990,00012,00010
00012,0001,2025-11-27,ArcoIzquierd,0075,0990,00013,00011
00013,0001,2025-11-27,ArcoIzquierd,0080,0990,00014,00012
00014,0001,2025-11-27,ArcoIzquierd,0085,0990,00015,00013
00015,0001,2025-11-27,ArcoIzquierd,0090,0990,00016,00014
00016,0001,2025-11-27,ArcoIzquierd,0095,0990,00017,00015
00017,0001,2025-11-27,ArcoIzquierd,0100,0990,00018,00016
00018,0001,2025-11-27,ArcoIzquierd,0105,0990,00019,00017
00019,0001,2025-11-27,ArcoIzquierd,0110,0990,00020,00018
00020,0001,2025-11-27,ArcoIzquierd,0115,0990,00000,00019
