00001,0002,2024-10-10,Pelota      ,0150,0200,00000,00002
00002,0002,2024-10-10,Pelota      ,0150,0200,00001,00003
00003,0002,2024-10-10,Pelota      ,0150,0200,00002,00004
00004,0002,2024-10-10,Pelota      ,0150,0200,00003,00005
00005,0002,2024-10-10,Pelota      ,0150,0200,00004,00006
00006,0002,2024-10-10,Pelota      ,0150,0200,00005,00007
00007,0002,2024-10-10,Pelota      ,0150,0200,00006,00008
00008,0002,2024-10-10,Pelota      ,0150,0200,00007,00009
00009,0002,2024-10-10,Pelota      ,0150,0200,00008,00010
00010,0002,2024-10-10,Pelota      ,0150,0200,00009,00011
00011,0002,2024-10-10,Pelota      ,0150,0200,00010,00012
00012,0002,2024-10-10,Pelota      ,0150,0200,00011,00013
00013,0002,2024-10-10,Pelota      ,0150,0200,00012,00014
00014,0002,2024-10-10,Pelota      ,0150,0200,00013,00015
00015,0002,2024-10-10,Pelota      ,0150,0200,00014,00016
00016,0002,2024-10-10,Pelota      ,0150,0200,00015,00017
00017,0002,2024-10-10,Pelota      ,0150,0200,00016,00069
00018,0003,2024-10-10,Pelota      ,0150,0200,00000,00019
00019,0003,2024-10-10,Pelota      ,0150,0200,00018,00020
00020,0003,2024-10-10,Pelota      ,0150,0200,00019,00021
00021,0003,2024-10-10,Pelota      ,0150,0200,00020,00022
00022,0003,2024-10-10,Pelota      ,0150,0200,00021,00023
00023,0003,2024-10-10,Pelota      ,0150,0200,00022,00024
00024,0003,2024-10-10,Pelota      ,0150,0200,00023,00034
00025,0001,2024-10-10,Pelota      ,0150,0200,00000,00026
00026,0001,2024-10-10,Pelota      ,0150,0200,00025,00027
00027,0001,2024-10-10,Pelota      ,0150,0200,00026,00028
00028,0001,2024-10-10,Pelota      ,0150,0200,00027,00029
00029,0001,2024-10-10,Pelota      ,0150,0200,00028,00030
00030,0001,2024-10-10,Pelota      ,0150,0200,00029,00031
00031,0001,2024-10-10,Pelota      ,0150,0200,00030,00032
00032,0001,2024-10-10,Pelota      ,0150,0200,00031,00033
00033,0001,2024-10-10,Pelota      ,0150,0200,00032,00038
00034,0003,2024-10-10,Pelota      ,0150,0200,00024,00035
00035,0003,2024-10-10,Pelota      ,0150,0200,00034,00036
00036,0003,2024-10-10,Pelota      ,0150,0200,00035,00037
00037,0003,2024-10-10,Pelota      ,0150,0200,00036,00000
00038,0001,2025-11-28,ArcoIzquierd,0115,0990,00033,00039
00039,0001,2025-11-28,ArcoIzquierd,0110,0990,00038,00040
00040,0001,2025-11-28,ArcoIzquierd,0105,0990,00039,00041
00041,0001,2025-11-28,ArcoIzquierd,0100,0990,00040,00042
00042,0001,2025-11-28,ArcoIzquierd,0095,0990,00041,00043
00043,0001,2025-11-28,ArcoIzquierd,0090,0990,00042,00044
00044,0001,2025-11-28,ArcoIzquierd,0095,0990,00043,00045
00045,0001,2025-11-28,ArcoIzquierd,0100,0990,00044,00046
00046,0001,2025-11-28,ArcoIzquierd,0105,0990,00045,00047
00047,0001,2025-11-28,ArcoIzquierd,0110,0990,00046,00048
00048,0001,2025-11-28,ArcoIzquierd,0115,0990,00047,00049
00049,0001,2025-11-28,ArcoIzquierd,0115,0916,00048,00050
00050,0001,2025-11-28,ArcoIzquierd,0110,0920,00049,00051
00051,0001,2025-11-28,ArcoIzquierd,0105,0925,00050,00052
00052,0001,2025-11-28,ArcoIzquierd,0110,0930,00051,00053
00053,0001,2025-11-28,ArcoIzquierd,0115,0936,00052,00054
00054,0001,2025-11-28,ArcoIzquierd,0115,0990,00053,00055
00055,0001,2025-11-28,ArcoIzquierd,0110,0990,00054,00056
00056,0001,2025-11-28,ArcoIzquierd,0105,0990,00055,00057
00057,0001,2025-11-28,ArcoIzquierd,0100,0990,00056,00058
00058,0001,2025-11-28,ArcoIzquierd,0095,0990,00057,00059
00059,0001,2025-11-28,ArcoIzquierd,0090,0990,00058,00060
00060,0001,2025-11-28,ArcoIzquierd,0085,0990,00059,00061
00061,0001,2025-11-28,ArcoIzquierd,0080,0990,00060,00062
00062,0001,2025-11-28,ArcoIzquierd,0085,0990,00061,00063
00063,0001,2025-11-28,ArcoIzquierd,0090,0990,00062,00064
00064,0001,2025-11-28,ArcoIzquierd,0095,0990,00063,00065
00065,0001,2025-11-28,ArcoIzquierd,0100,0990,00064,00066
00066,0001,2025-11-28,ArcoIzquierd,0105,0990,00065,00067
00067,0001,2025-11-28,ArcoIzquierd,0110,0990,00066,00068
00068,0001,2025-11-28,ArcoIzquierd,0115,0990,00067,00154
00069,0002,2025-11-28,ArcoIzquierd,0115,0990,00017,00070
00070,0002,2025-11-28,ArcoIzquierd,0110,0990,00069,00071
00071,0002,2025-11-28,ArcoIzquierd,0105,0990,00070,00072
00072,0002,2025-11-28,ArcoIzquierd,0100,0990,00071,00073
00073,0002,2025-11-28,ArcoIzquierd,0100,0990,00072,00074
00074,0002,2025-11-28,ArcoIzquierd,0100,0990,00073,00075
00075,0002,2025-11-28,ArcoIzquierd,0100,0990,00074,00076
00076,0002,2025-11-28,ArcoIzquierd,0100,0990,00075,00077
00077,0002,2025-11-28,ArcoIzquierd,0100,0990,00076,00078
00078,0002,2025-11-28,ArcoIzquierd,0100,0990,00077,00079
00079,0002,2025-11-28,ArcoIzquierd,0105,0990,00078,00080
00080,0002,2025-11-28,ArcoIzquierd,0110,0990,00079,00081
00081,0002,2025-11-28,ArcoIzquierd,0115,0990,00080,00082
00082,0002,2025-11-28,ArcoIzquierd,0115,0990,00081,00083
00083,0002,2025-11-28,ArcoIzquierd,0110,0990,00082,00084
00084,0002,2025-11-28,ArcoIzquierd,0105,0990,00083,00085
00085,0002,2025-11-28,ArcoIzquierd,0100,0990,00084,00086
00086,0002,2025-11-28,ArcoIzquierd,0095,0990,00085,00087
00087,0002,2025-11-28,ArcoIzquierd,0090,0990,00086,00088
00088,0002,2025-11-28,ArcoIzquierd,0085,0990,00087,00089
00089,0002,2025-11-28,ArcoIzquierd,0080,0990,00088,00090
00090,0002,2025-11-28,ArcoIzquierd,0075,0990,00089,00091
00091,0002,2025-11-28,ArcoIzquierd,0070,0990,00090,00092
00092,0002,2025-11-28,ArcoIzquierd,0070,0990,00091,00093
00093,0002,2025-11-28,ArcoIzquierd,0070,0990,00092,00094
00094,0002,2025-11-28,ArcoIzquierd,0070,0990,00093,00095
00095,0002,2025-11-28,ArcoIzquierd,0070,0990,00094,00096
00096,0002,2025-11-28,ArcoIzquierd,0070,0990,00095,00097
00097,0002,2025-11-28,ArcoIzquierd,0070,0990,00096,00098
00098,0002,2025-11-28,ArcoIzquierd,0070,0990,00097,00099
00099,0002,2025-11-28,ArcoIzquierd,0070,0990,00098,00100
00100,0002,2025-11-28,ArcoIzquierd,0070,0990,00099,00101
00101,0002,2025-11-28,ArcoIzquierd,0070,0981,00100,00102
00102,0002,2025-11-28,ArcoIzquierd,0070,0972,00101,00103
00103,0002,2025-11-28,ArcoIzquierd,0070,0964,00102,00104
00104,0002,2025-11-28,ArcoIzquierd,0070,0956,00103,00105
00105,0002,2025-11-28,ArcoIzquierd,0070,0949,00104,00106
00106,0002,2025-11-28,ArcoIzquierd,0070,0942,00105,00107
00107,0002,2025-11-28,ArcoIzquierd,0070,0936,00106,00108
00108,0002,2025-11-28,ArcoIzquierd,0070,0930,00107,00109
00109,0002,2025-11-28,ArcoIzquierd,0070,0925,00108,00110
00110,0002,2025-11-28,ArcoIzquierd,0070,0920,00109,00111
00111,0002,2025-11-28,ArcoIzquierd,0075,0916,00110,00112
00112,0002,2025-11-28,ArcoIzquierd,0080,0912,00111,00113
00113,0002,2025-11-28,ArcoIzquierd,0085,0909,00112,00114
00114,0002,2025-11-28,ArcoIzquierd,0090,0906,00113,00115
00115,0002,2025-11-28,ArcoIzquierd,0095,0904,00114,00116
00116,0002,2025-11-28,ArcoIzquierd,0100,0902,00115,00117
00117,0002,2025-11-28,ArcoIzquierd,0105,0901,00116,00118
00118,0002,2025-11-28,ArcoIzquierd,0110,0900,00117,00119
00119,0002,2025-11-28,ArcoIzquierd,0115,0900,00118,00120
00120,0002,2025-11-28,ArcoIzquierd,0115,0990,00119,00121
00121,0002,2025-11-28,ArcoIzquierd,0110,0990,00120,00122
00122,0002,2025-11-28,ArcoIzquierd,0105,0990,00121,00123
00123,0002,2025-11-28,ArcoIzquierd,0100,0990,00122,00124
00124,0002,2025-11-28,ArcoIzquierd,0095,0990,00123,00125
00125,0002,2025-11-28,ArcoIzquierd,0090,0990,00124,00126
00126,0002,2025-11-28,ArcoIzquierd,0085,0990,00125,00127
00127,0002,2025-11-28,ArcoIzquierd,0080,0990,00126,00128
00128,0002,2025-11-28,ArcoIzquierd,0075,0990,00127,00129
00129,0002,2025-11-28,ArcoIzquierd,0070,0990,00128,00130
00130,0002,2025-11-28,ArcoIzquierd,0070,0990,00129,00131
00131,0002,2025-11-28,ArcoIzquierd,0070,0981,00130,00132
00132,0002,2025-11-28,ArcoIzquierd,0070,0972,00131,00133
00133,0002,2025-11-28,ArcoIzquierd,0070,0964,00132,00134
00134,0002,2025-11-28,ArcoIzquierd,0070,0956,00133,00135
00135,0002,2025-11-28,ArcoIzquierd,0070,0949,00134,00136
00136,0002,2025-11-28,ArcoIzquierd,0070,0942,00135,00137
00137,0002,2025-11-28,ArcoIzquierd,0070,0936,00136,00138
00138,0002,2025-11-28,ArcoIzquierd,0070,0930,00137,00139
00139,0002,2025-11-28,ArcoIzquierd,0070,0925,00138,00140
00140,0002,2025-11-28,ArcoIzquierd,0070,0920,00139,00141
00141,0002,2025-11-28,ArcoIzquierd,0070,0916,00140,00142
00142,0002,2025-11-28,ArcoIzquierd,0070,0912,00141,00143
00143,0002,2025-11-28,ArcoIzquierd,0070,0909,00142,00144
00144,0002,2025-11-28,ArcoIzquierd,0070,0906,00143,00145
00145,0002,2025-11-28,ArcoIzquierd,0075,0904,00144,00146
00146,0002,2025-11-28,ArcoIzquierd,0080,0902,00145,00147
00147,0002,2025-11-28,ArcoIzquierd,0085,0901,00146,00148
00148,0002,2025-11-28,ArcoIzquierd,0090,0900,00147,00149
00149,0002,2025-11-28,ArcoIzquierd,0095,0900,00148,00150
00150,0002,2025-11-28,ArcoIzquierd,0100,0900,00149,00151
00151,0002,2025-11-28,ArcoIzquierd,0105,0901,00150,00152
00152,0002,2025-11-28,ArcoIzquierd,0110,0902,00151,00153
00153,0002,2025-11-28,ArcoIzquierd,0115,0904,00152,00000
00154,0001,2025-11-28,ArcoIzquierd,0115,0990,00068,00155
00155,0001,2025-11-28,ArcoIzquierd,0110,0990,00154,00156
00156,0001,2025-11-28,ArcoIzquierd,0105,0990,00155,00157
00157,0001,2025-11-28,ArcoIzquierd,0100,0981,00156,00158
00158,0001,2025-11-28,ArcoIzquierd,0095,0972,00157,00159
00159,0001,2025-11-28,ArcoIzquierd,0090,0964,00158,00160
00160,0001,2025-11-28,ArcoIzquierd,0085,0956,00159,00161
00161,0001,2025-11-28,ArcoIzquierd,0080,0949,00160,00162
00162,0001,2025-11-28,ArcoIzquierd,0085,0942,00161,00163
00163,0001,2025-11-28,ArcoIzquierd,0090,0936,00162,00164
00164,0001,2025-11-28,ArcoIzquierd,0095,0930,00163,00165
00165,0001,2025-11-28,ArcoIzquierd,0100,0925,00164,00166
00166,0001,2025-11-28,ArcoIzquierd,0105,0920,00165,00167
00167,0001,2025-11-28,ArcoIzquierd,0110,0916,00166,00168
00168,0001,2025-11-28,ArcoIzquierd,0115,0912,00167,00000
